0 1 950
1 2 950
2 3 960
3 4 930
4 5 940
5 100 990
100 101 960
101 102 970
102 103 980
103 104 990
104 105 950
105 0 990
6 7 60
7 8 65
8 9 61
9 10 51
10 11 66
11 12 56
12 13 69
13 14 57
14 15 63
15 106 55
106 107 58
107 108 54
108 109 59
109 110  57
110 111 57
111 112 58
112 113 67
113 114 57
114 115 65
115 206 55
206 207 65
207 208 68
208 209 62
209 210 68
210 211 61
211 212 67
212 213 69
213 214 54
214 215 21
215 6 63
16 17
17 18
18 19
19 20
20 21
21 22
22 23
23 24
24 25
25 116
116 117
117 118
118 119
119 120
120 121
121 122
122 123
123 124
124 125
125 216
216 217
217 218
218 219
219 220
220 221
221 222
222 223
223 224
224 225
225 226
226 227
227 228
228 229
229 230
230 231
231 232
232 233
233 234
234 235
235 16